JOB 1:
1 2 3 6 7 8 9 10 11 
1 2 4 6 7 8 9 10 11 
1 2 5 6 7 8 9 10 11 

JOB 2:
1 2 3 6 7 8 9 10 11 
1 2 4 6 7 8 9 10 11 
1 2 5 6 7 8 9 10 11 

JOB 3:
1 2 3 6 7 8 9 10 11 
1 2 4 6 7 8 9 10 11 
1 2 5 6 7 8 9 10 11 

JOB 4:
1 2 3 6 7 8 9 10 11 
1 2 4 6 7 8 9 10 11 
1 2 5 6 7 8 9 10 11 

JOB 5:
1 2 3 6 7 8 9 10 11 
1 2 4 6 7 8 9 10 11 
1 2 5 6 7 8 9 10 11 

JOB 6:
1 2 3 6 7 8 9 10 11 
1 2 4 6 7 8 9 10 11 
1 2 5 6 7 8 9 10 11 

JOB 7:
1 2 3 6 7 8 9 10 11 
1 2 4 6 7 8 9 10 11 
1 2 5 6 7 8 9 10 11 

JOB 8:
1 2 3 6 7 8 9 10 11 
1 2 4 6 7 8 9 10 11 
1 2 5 6 7 8 9 10 11 

JOB 9:
1 2 3 6 7 8 9 10 11 
1 2 4 6 7 8 9 10 11 
1 2 5 6 7 8 9 10 11 

