JOB 1:
1 2 5 3 7 4 9 2 5 3 7 4 9 
1 2 5 3 7 4 9 2 5 3 7 4 10 
1 2 5 3 7 4 9 2 5 3 8 4 9 
1 2 5 3 7 4 9 2 5 3 8 4 10 
1 2 5 3 7 4 9 2 6 3 7 4 9 
1 2 5 3 7 4 9 2 6 3 7 4 10 
1 2 5 3 7 4 9 2 6 3 8 4 9 
1 2 5 3 7 4 9 2 6 3 8 4 10 
1 2 5 3 7 4 10 2 5 3 7 4 9 
1 2 5 3 7 4 10 2 5 3 7 4 10 
1 2 5 3 7 4 10 2 5 3 8 4 9 
1 2 5 3 7 4 10 2 5 3 8 4 10 
1 2 5 3 7 4 10 2 6 3 7 4 9 
1 2 5 3 7 4 10 2 6 3 7 4 10 
1 2 5 3 7 4 10 2 6 3 8 4 9 
1 2 5 3 7 4 10 2 6 3 8 4 10 
1 2 5 3 8 4 9 2 5 3 7 4 9 
1 2 5 3 8 4 9 2 5 3 7 4 10 
1 2 5 3 8 4 9 2 5 3 8 4 9 
1 2 5 3 8 4 9 2 5 3 8 4 10 
1 2 5 3 8 4 9 2 6 3 7 4 9 
1 2 5 3 8 4 9 2 6 3 7 4 10 
1 2 5 3 8 4 9 2 6 3 8 4 9 
1 2 5 3 8 4 9 2 6 3 8 4 10 
1 2 5 3 8 4 10 2 5 3 7 4 9 
1 2 5 3 8 4 10 2 5 3 7 4 10 
1 2 5 3 8 4 10 2 5 3 8 4 9 
1 2 5 3 8 4 10 2 5 3 8 4 10 
1 2 5 3 8 4 10 2 6 3 7 4 9 
1 2 5 3 8 4 10 2 6 3 7 4 10 
1 2 5 3 8 4 10 2 6 3 8 4 9 
1 2 5 3 8 4 10 2 6 3 8 4 10 
1 2 6 3 7 4 9 2 5 3 7 4 9 
1 2 6 3 7 4 9 2 5 3 7 4 10 
1 2 6 3 7 4 9 2 5 3 8 4 9 
1 2 6 3 7 4 9 2 5 3 8 4 10 
1 2 6 3 7 4 9 2 6 3 7 4 9 
1 2 6 3 7 4 9 2 6 3 7 4 10 
1 2 6 3 7 4 9 2 6 3 8 4 9 
1 2 6 3 7 4 9 2 6 3 8 4 10 
1 2 6 3 7 4 10 2 5 3 7 4 9 
1 2 6 3 7 4 10 2 5 3 7 4 10 
1 2 6 3 7 4 10 2 5 3 8 4 9 
1 2 6 3 7 4 10 2 5 3 8 4 10 
1 2 6 3 7 4 10 2 6 3 7 4 9 
1 2 6 3 7 4 10 2 6 3 7 4 10 
1 2 6 3 7 4 10 2 6 3 8 4 9 
1 2 6 3 7 4 10 2 6 3 8 4 10 
1 2 6 3 8 4 9 2 5 3 7 4 9 
1 2 6 3 8 4 9 2 5 3 7 4 10 
1 2 6 3 8 4 9 2 5 3 8 4 9 
1 2 6 3 8 4 9 2 5 3 8 4 10 
1 2 6 3 8 4 9 2 6 3 7 4 9 
1 2 6 3 8 4 9 2 6 3 7 4 10 
1 2 6 3 8 4 9 2 6 3 8 4 9 
1 2 6 3 8 4 9 2 6 3 8 4 10 
1 2 6 3 8 4 10 2 5 3 7 4 9 
1 2 6 3 8 4 10 2 5 3 7 4 10 
1 2 6 3 8 4 10 2 5 3 8 4 9 
1 2 6 3 8 4 10 2 5 3 8 4 10 
1 2 6 3 8 4 10 2 6 3 7 4 9 
1 2 6 3 8 4 10 2 6 3 7 4 10 
1 2 6 3 8 4 10 2 6 3 8 4 9 
1 2 6 3 8 4 10 2 6 3 8 4 10 

JOB 2:
1 2 5 3 7 4 9 2 5 3 7 4 9 
1 2 5 3 7 4 9 2 5 3 7 4 10 
1 2 5 3 7 4 9 2 5 3 8 4 9 
1 2 5 3 7 4 9 2 5 3 8 4 10 
1 2 5 3 7 4 9 2 6 3 7 4 9 
1 2 5 3 7 4 9 2 6 3 7 4 10 
1 2 5 3 7 4 9 2 6 3 8 4 9 
1 2 5 3 7 4 9 2 6 3 8 4 10 
1 2 5 3 7 4 10 2 5 3 7 4 9 
1 2 5 3 7 4 10 2 5 3 7 4 10 
1 2 5 3 7 4 10 2 5 3 8 4 9 
1 2 5 3 7 4 10 2 5 3 8 4 10 
1 2 5 3 7 4 10 2 6 3 7 4 9 
1 2 5 3 7 4 10 2 6 3 7 4 10 
1 2 5 3 7 4 10 2 6 3 8 4 9 
1 2 5 3 7 4 10 2 6 3 8 4 10 
1 2 5 3 8 4 9 2 5 3 7 4 9 
1 2 5 3 8 4 9 2 5 3 7 4 10 
1 2 5 3 8 4 9 2 5 3 8 4 9 
1 2 5 3 8 4 9 2 5 3 8 4 10 
1 2 5 3 8 4 9 2 6 3 7 4 9 
1 2 5 3 8 4 9 2 6 3 7 4 10 
1 2 5 3 8 4 9 2 6 3 8 4 9 
1 2 5 3 8 4 9 2 6 3 8 4 10 
1 2 5 3 8 4 10 2 5 3 7 4 9 
1 2 5 3 8 4 10 2 5 3 7 4 10 
1 2 5 3 8 4 10 2 5 3 8 4 9 
1 2 5 3 8 4 10 2 5 3 8 4 10 
1 2 5 3 8 4 10 2 6 3 7 4 9 
1 2 5 3 8 4 10 2 6 3 7 4 10 
1 2 5 3 8 4 10 2 6 3 8 4 9 
1 2 5 3 8 4 10 2 6 3 8 4 10 
1 2 6 3 7 4 9 2 5 3 7 4 9 
1 2 6 3 7 4 9 2 5 3 7 4 10 
1 2 6 3 7 4 9 2 5 3 8 4 9 
1 2 6 3 7 4 9 2 5 3 8 4 10 
1 2 6 3 7 4 9 2 6 3 7 4 9 
1 2 6 3 7 4 9 2 6 3 7 4 10 
1 2 6 3 7 4 9 2 6 3 8 4 9 
1 2 6 3 7 4 9 2 6 3 8 4 10 
1 2 6 3 7 4 10 2 5 3 7 4 9 
1 2 6 3 7 4 10 2 5 3 7 4 10 
1 2 6 3 7 4 10 2 5 3 8 4 9 
1 2 6 3 7 4 10 2 5 3 8 4 10 
1 2 6 3 7 4 10 2 6 3 7 4 9 
1 2 6 3 7 4 10 2 6 3 7 4 10 
1 2 6 3 7 4 10 2 6 3 8 4 9 
1 2 6 3 7 4 10 2 6 3 8 4 10 
1 2 6 3 8 4 9 2 5 3 7 4 9 
1 2 6 3 8 4 9 2 5 3 7 4 10 
1 2 6 3 8 4 9 2 5 3 8 4 9 
1 2 6 3 8 4 9 2 5 3 8 4 10 
1 2 6 3 8 4 9 2 6 3 7 4 9 
1 2 6 3 8 4 9 2 6 3 7 4 10 
1 2 6 3 8 4 9 2 6 3 8 4 9 
1 2 6 3 8 4 9 2 6 3 8 4 10 
1 2 6 3 8 4 10 2 5 3 7 4 9 
1 2 6 3 8 4 10 2 5 3 7 4 10 
1 2 6 3 8 4 10 2 5 3 8 4 9 
1 2 6 3 8 4 10 2 5 3 8 4 10 
1 2 6 3 8 4 10 2 6 3 7 4 9 
1 2 6 3 8 4 10 2 6 3 7 4 10 
1 2 6 3 8 4 10 2 6 3 8 4 9 
1 2 6 3 8 4 10 2 6 3 8 4 10 

