# x*y + 2*x - y
-5 -5 20
-5 -4 14
-5 -3 8
-5 -2 2
-5 -1 -4
-5 0 -10
-5 1 -16
-5 2 -22
-5 3 -28
-5 4 -34
-5 5 -40
-4 -5 17
-4 -4 12
-4 -3 7
-4 -2 2
-4 -1 -3
-4 0 -8
-4 1 -13
-4 2 -18
-4 3 -23
-4 4 -28
-4 5 -33
-3 -5 14
-3 -4 10
-3 -3 6
-3 -2 2
-3 -1 -2
-3 0 -6
-3 1 -10
-3 2 -14
-3 3 -18
-3 4 -22
-3 5 -26
-2 -5 11
-2 -4 8
-2 -3 5
-2 -2 2
-2 -1 -1
-2 0 -4
-2 1 -7
-2 2 -10
-2 3 -13
-2 4 -16
-2 5 -19
-1 -5 8
-1 -4 6
-1 -3 4
-1 -2 2
-1 -1 0
-1 0 -2
-1 1 -4
-1 2 -6
-1 3 -8
-1 4 -10
-1 5 -12
0 -5 5
0 -4 4
0 -3 3
0 -2 2
0 -1 1
0 0 0
0 1 -1
0 2 -2
0 3 -3
0 4 -4
0 5 -5
1 -5 2
1 -4 2
1 -3 2
1 -2 2
1 -1 2
1 0 2
1 1 2
1 2 2
1 3 2
1 4 2
1 5 2
2 -5 -1
2 -4 0
2 -3 1
2 -2 2
2 -1 3
2 0 4
2 1 5
2 2 6
2 3 7
2 4 8
2 5 9
3 -5 -4
3 -4 -2
3 -3 0
3 -2 2
3 -1 4
3 0 6
3 1 8
3 2 10
3 3 12
3 4 14
3 5 16
4 -5 -7
4 -4 -4
4 -3 -1
4 -2 2
4 -1 5
4 0 8
4 1 11
4 2 14
4 3 17
4 4 20
4 5 23
5 -5 -10
5 -4 -6
5 -3 -2
5 -2 2
5 -1 6
5 0 10
5 1 14
5 2 18
5 3 22
5 4 26
5 5 30