JOB 1:
1 2 5 3 8 4 11 
1 2 5 3 8 4 12 
1 2 5 3 8 4 13 
1 2 5 3 9 4 11 
1 2 5 3 9 4 12 
1 2 5 3 9 4 13 
1 2 5 3 10 4 11 
1 2 5 3 10 4 12 
1 2 5 3 10 4 13 
1 2 6 3 8 4 11 
1 2 6 3 8 4 12 
1 2 6 3 8 4 13 
1 2 6 3 9 4 11 
1 2 6 3 9 4 12 
1 2 6 3 9 4 13 
1 2 6 3 10 4 11 
1 2 6 3 10 4 12 
1 2 6 3 10 4 13 
1 2 7 3 8 4 11 
1 2 7 3 8 4 12 
1 2 7 3 8 4 13 
1 2 7 3 9 4 11 
1 2 7 3 9 4 12 
1 2 7 3 9 4 13 
1 2 7 3 10 4 11 
1 2 7 3 10 4 12 
1 2 7 3 10 4 13 

JOB 2:
1 2 5 3 8 4 11 
1 2 5 3 8 4 12 
1 2 5 3 8 4 13 
1 2 5 3 9 4 11 
1 2 5 3 9 4 12 
1 2 5 3 9 4 13 
1 2 5 3 10 4 11 
1 2 5 3 10 4 12 
1 2 5 3 10 4 13 
1 2 6 3 8 4 11 
1 2 6 3 8 4 12 
1 2 6 3 8 4 13 
1 2 6 3 9 4 11 
1 2 6 3 9 4 12 
1 2 6 3 9 4 13 
1 2 6 3 10 4 11 
1 2 6 3 10 4 12 
1 2 6 3 10 4 13 
1 2 7 3 8 4 11 
1 2 7 3 8 4 12 
1 2 7 3 8 4 13 
1 2 7 3 9 4 11 
1 2 7 3 9 4 12 
1 2 7 3 9 4 13 
1 2 7 3 10 4 11 
1 2 7 3 10 4 12 
1 2 7 3 10 4 13 

JOB 3:
1 2 5 3 8 4 11 
1 2 5 3 8 4 12 
1 2 5 3 8 4 13 
1 2 5 3 9 4 11 
1 2 5 3 9 4 12 
1 2 5 3 9 4 13 
1 2 5 3 10 4 11 
1 2 5 3 10 4 12 
1 2 5 3 10 4 13 
1 2 6 3 8 4 11 
1 2 6 3 8 4 12 
1 2 6 3 8 4 13 
1 2 6 3 9 4 11 
1 2 6 3 9 4 12 
1 2 6 3 9 4 13 
1 2 6 3 10 4 11 
1 2 6 3 10 4 12 
1 2 6 3 10 4 13 
1 2 7 3 8 4 11 
1 2 7 3 8 4 12 
1 2 7 3 8 4 13 
1 2 7 3 9 4 11 
1 2 7 3 9 4 12 
1 2 7 3 9 4 13 
1 2 7 3 10 4 11 
1 2 7 3 10 4 12 
1 2 7 3 10 4 13 

JOB 4:
1 2 5 3 8 4 11 
1 2 5 3 8 4 12 
1 2 5 3 8 4 13 
1 2 5 3 9 4 11 
1 2 5 3 9 4 12 
1 2 5 3 9 4 13 
1 2 5 3 10 4 11 
1 2 5 3 10 4 12 
1 2 5 3 10 4 13 
1 2 6 3 8 4 11 
1 2 6 3 8 4 12 
1 2 6 3 8 4 13 
1 2 6 3 9 4 11 
1 2 6 3 9 4 12 
1 2 6 3 9 4 13 
1 2 6 3 10 4 11 
1 2 6 3 10 4 12 
1 2 6 3 10 4 13 
1 2 7 3 8 4 11 
1 2 7 3 8 4 12 
1 2 7 3 8 4 13 
1 2 7 3 9 4 11 
1 2 7 3 9 4 12 
1 2 7 3 9 4 13 
1 2 7 3 10 4 11 
1 2 7 3 10 4 12 
1 2 7 3 10 4 13 

JOB 5:
1 2 5 3 8 4 11 
1 2 5 3 8 4 12 
1 2 5 3 8 4 13 
1 2 5 3 9 4 11 
1 2 5 3 9 4 12 
1 2 5 3 9 4 13 
1 2 5 3 10 4 11 
1 2 5 3 10 4 12 
1 2 5 3 10 4 13 
1 2 6 3 8 4 11 
1 2 6 3 8 4 12 
1 2 6 3 8 4 13 
1 2 6 3 9 4 11 
1 2 6 3 9 4 12 
1 2 6 3 9 4 13 
1 2 6 3 10 4 11 
1 2 6 3 10 4 12 
1 2 6 3 10 4 13 
1 2 7 3 8 4 11 
1 2 7 3 8 4 12 
1 2 7 3 8 4 13 
1 2 7 3 9 4 11 
1 2 7 3 9 4 12 
1 2 7 3 9 4 13 
1 2 7 3 10 4 11 
1 2 7 3 10 4 12 
1 2 7 3 10 4 13 

JOB 6:
1 2 5 3 8 4 11 
1 2 5 3 8 4 12 
1 2 5 3 8 4 13 
1 2 5 3 9 4 11 
1 2 5 3 9 4 12 
1 2 5 3 9 4 13 
1 2 5 3 10 4 11 
1 2 5 3 10 4 12 
1 2 5 3 10 4 13 
1 2 6 3 8 4 11 
1 2 6 3 8 4 12 
1 2 6 3 8 4 13 
1 2 6 3 9 4 11 
1 2 6 3 9 4 12 
1 2 6 3 9 4 13 
1 2 6 3 10 4 11 
1 2 6 3 10 4 12 
1 2 6 3 10 4 13 
1 2 7 3 8 4 11 
1 2 7 3 8 4 12 
1 2 7 3 8 4 13 
1 2 7 3 9 4 11 
1 2 7 3 9 4 12 
1 2 7 3 9 4 13 
1 2 7 3 10 4 11 
1 2 7 3 10 4 12 
1 2 7 3 10 4 13 

